Date,Open,High,Low,Close,Volume
2006-01-03,490.0,493.8,481.1,492.9,1537660
2006-01-04,488.6,491.0,483.5,483.8,1871020
2006-01-05,484.4,487.8,484.0,486.2,1143160
2006-01-06,488.8,489.0,482.0,486.2,1370250
2006-01-09,486.0,487.4,483.0,483.9,1680740
2006-01-10,483.0,485.5,480.8,485.4,1365960
2006-01-11,495.8,495.8,485.8,489.8,1684440
2006-01-12,491.0,491.0,488.8,490.3,1230060
2006-01-13,491.0,491.9,487.3,489.2,940930
2006-01-17,485.1,487.0,482.7,484.3,1237830
2006-01-18,484.3,486.7,481.1,483.8,1218910
2006-01-19,485.6,485.8,477.0,479.4,1696500
2006-01-20,472.1,474.0,456.3,456.9,4781930
2006-01-23,460.0,463.8,457.0,460.0,2025500
2006-01-24,462.9,463.6,459.9,460.1,2083740
2006-01-25,461.4,463.7,460.1,462.3,1591940
2006-01-26,465.5,475.5,464.5,470.1,1988600
2006-01-27,470.1,473.7,466.0,468.7,1412760
2006-01-30,468.7,469.9,466.6,468.2,1057630
2006-01-31,468.3,470.5,465.5,465.8,1887280
2006-02-01,465.9,467.2,461.1,463.3,1844970
2006-02-02,459.0,461.0,451.0,451.8,2325470
2006-02-03,450.7,456.1,448.1,450.6,1666510
2006-02-06,452.6,456.1,450.9,451.7,1147430
2006-02-07,452.0,453.8,450.0,450.5,1207780
2006-02-08,453.3,455.3,450.7,453.6,1051370
2006-02-09,455.0,461.0,454.3,457.9,1357740
2006-02-10,457.0,460.7,452.5,459.6,1272030
2006-02-13,460.6,462.3,454.1,456.8,1158300
2006-02-14,457.8,462.5,457.1,461.2,1518040
2006-02-15,460.4,464.7,457.6,462.5,1700050
2006-02-16,463.0,464.4,460.4,464.4,1326000
2006-02-17,465.0,465.7,461.3,462.4,1313860
2006-02-21,462.0,463.7,459.7,461.7,1395690
2006-02-22,463.8,469.8,462.4,468.8,1515550
2006-02-23,468.8,471.2,466.0,468.0,1257550
2006-02-24,467.3,470.9,467.3,468.5,1254600
2006-02-27,470.0,471.3,467.1,467.8,1011490
2006-02-28,465.8,469.4,463.1,463.7,1656790
2006-03-01,463.9,466.5,462.1,465.3,1006990
2006-03-02,462.7,464.0,458.8,460.5,1280670
2006-03-03,460.0,463.4,458.0,459.2,1398630
2006-03-06,459.2,464.8,458.3,460.9,1224200
2006-03-07,458.5,464.4,458.0,464.0,1560380
2006-03-08,463.5,468.1,463.1,466.8,1138820
2006-03-09,466.8,469.8,464.6,464.9,1335380
2006-03-10,466.0,471.9,465.8,469.9,1356280
2006-03-13,469.9,471.9,466.3,468.4,1044280
2006-03-14,469.4,472.7,468.9,471.8,1314250
2006-03-15,471.3,472.0,468.8,470.1,1153980
2006-03-16,471.7,476.5,471.3,473.2,1753260
2006-03-17,475.2,475.2,472.5,474.1,2092900
2006-03-20,474.5,477.1,473.0,474.0,1051060
2006-03-21,473.0,474.8,471.1,472.2,1606880
2006-03-22,469.0,478.0,469.0,476.7,1377320
2006-03-23,475.8,479.8,474.7,477.7,1378500
2006-03-24,477.5,480.0,475.5,478.1,869610
2006-03-27,476.3,478.2,474.9,476.4,1227550
2006-03-28,475.2,480.1,474.4,476.0,1753880
2006-03-29,476.1,479.1,474.0,476.3,1534410
2006-03-30,475.2,476.8,472.7,472.8,1443260
2006-03-31,473.5,475.6,472.1,472.3,1293990
2006-04-03,474.1,478.6,473.0,474.1,1145520
2006-04-04,474.3,483.8,474.1,482.1,1612390
2006-04-05,483.0,484.7,481.3,482.6,1276340
2006-04-06,480.6,481.7,476.6,478.5,1183450
2006-04-07,480.4,483.4,474.6,476.6,1255580
2006-04-10,479.0,482.5,477.0,479.3,1273510
2006-04-11,477.0,480.92,473.68,474.7,1020660
2006-04-12,475.0,478.3,474.8,476.0,787030
2006-04-13,474.1,481.8,474.1,480.5,1197840
2006-04-17,484.1,485.6,482.0,483.5,1678120
2006-04-18,484.4,486.0,479.0,484.8,1803670
2006-04-19,484.8,487.1,480.5,482.3,1445480
2006-04-20,483.0,487.2,482.6,483.0,1866460
2006-04-21,484.9,484.9,477.9,480.1,1579130
2006-04-24,479.8,481.1,478.0,480.0,1347680
2006-04-25,480.0,480.2,474.2,474.6,1849050
2006-04-26,474.6,478.3,474.6,477.5,1219200
2006-04-27,472.0,484.4,471.5,481.5,2464800
2006-04-28,484.0,499.5,484.0,499.5,4037280
2006-05-01,500.0,500.6,492.5,494.6,2076690
2006-05-02,496.5,498.7,492.6,496.0,1493670
2006-05-03,497.8,499.4,494.2,498.5,1180060
2006-05-04,498.5,498.8,492.6,493.8,1721280
2006-05-05,497.8,503.7,496.9,503.7,1894890
2006-05-08,504.1,507.2,500.6,501.6,1384770
2006-05-09,502.5,505.6,500.0,503.5,1261840
2006-05-10,501.0,505.7,500.0,503.0,1591700
2006-05-11,505.3,505.3,491.9,494.8,1480300
2006-05-12,494.5,498.0,489.5,489.9,1861800
2006-05-15,489.8,497.2,489.5,495.1,1387540
2006-05-16,496.4,497.0,490.6,495.4,939000
2006-05-17,492.1,492.5,485.2,488.3,2216200
2006-05-18,488.2,492.4,487.0,487.3,1645100
2006-05-19,489.4,490.8,486.9,488.0,2179020
2006-05-22,485.5,491.4,485.2,488.4,1809030
2006-05-23,489.8,492.3,485.2,485.3,1597760
2006-05-24,485.3,488.8,484.3,486.6,2090740
2006-05-25,489.6,491.2,487.5,490.7,1279430
2006-05-26,492.9,497.7,491.7,495.7,1347710
2006-05-30,496.0,496.0,489.0,490.2,1208930
2006-05-31,492.5,495.4,487.7,493.0,1666450
2006-06-01,493.8,499.3,492.7,498.3,1446490
2006-06-02,500.3,502.3,496.7,501.4,1427690
2006-06-05,500.1,504.1,495.5,496.2,1366760
2006-06-06,496.7,499.0,491.9,497.6,1587240
2006-06-07,498.0,504.1,497.1,499.5,1665630
2006-06-08,499.0,502.0,491.7,499.5,2274910
2006-06-09,499.5,501.0,497.0,497.7,1303300
2006-06-12,499.0,499.5,493.2,493.3,1354460
2006-06-13,492.5,493.9,480.8,482.1,2540010
2006-06-14,482.6,486.0,474.7,478.0,2341860
2006-06-15,480.0,489.4,479.6,486.8,2025850
2006-06-16,487.0,488.5,481.7,483.6,1889760
2006-06-19,484.5,487.7,476.7,478.2,1287670
2006-06-20,478.2,485.1,477.5,480.1,1355740
2006-06-21,481.0,487.5,480.5,483.7,1596060
2006-06-22,490.0,490.0,480.5,481.7,1046760
2006-06-23,479.0,481.8,476.5,477.4,1164290
2006-06-26,477.4,483.8,476.0,483.0,981130
2006-06-27,483.0,485.6,477.6,477.6,1242380
2006-06-28,478.1,480.2,475.3,478.5,979570
2006-06-29,481.5,492.9,479.0,488.6,2034920
2006-06-30,489.5,489.5,482.4,482.5,1991780
2006-07-03,486.0,490.5,485.0,489.7,632860
2006-07-05,489.5,492.5,486.7,490.1,1235900
2006-07-06,490.7,495.42,490.7,492.7,942690
2006-07-07,492.7,495.9,490.1,490.8,807950
2006-07-10,493.3,496.4,491.0,493.4,838870
2006-07-11,493.4,496.8,488.6,496.0,816880
2006-07-12,495.2,497.3,487.1,488.3,1374150
2006-07-13,488.0,488.0,478.3,478.7,1633390
2006-07-14,478.5,480.1,474.1,475.8,1539740
2006-07-17,469.1,469.5,463.3,464.0,3265410
2006-07-18,464.2,469.0,462.2,465.5,1655100
2006-07-19,468.5,475.1,468.3,472.5,2621340
2006-07-20,472.5,474.5,470.5,471.1,1597130
2006-07-21,473.8,474.6,466.4,469.3,2451420
2006-07-24,471.0,476.3,470.0,474.6,1549850
2006-07-25,477.0,479.0,472.2,474.5,1474990
2006-07-26,474.5,478.9,471.4,475.3,1390680
2006-07-27,479.3,479.3,472.8,473.1,1072190
2006-07-28,476.0,488.3,476.0,483.3,2118300
2006-07-31,483.3,485.5,481.8,483.1,1780660
2006-08-01,483.1,485.7,481.1,485.1,1388630
2006-08-02,487.0,488.3,482.8,487.2,1332120
2006-08-03,482.4,486.0,482.0,484.7,1286060
2006-08-04,488.4,490.3,480.7,485.0,1485470
2006-08-07,483.4,485.6,481.1,482.3,918750
2006-08-08,484.8,487.0,481.6,483.1,1282560
2006-08-09,486.9,488.7,476.9,478.3,1084320
2006-08-10,478.3,480.5,473.5,479.7,1203180
2006-08-11,479.2,479.2,472.2,476.4,782330
2006-08-14,479.5,482.4,474.7,477.2,1100160
2006-08-15,482.1,486.7,482.0,484.1,1256050
2006-08-16,485.9,487.1,484.3,485.3,1129060
2006-08-17,485.0,485.9,483.8,485.7,1035470
2006-08-18,486.2,486.3,484.2,486.0,1180050
2006-08-21,485.5,486.3,483.8,484.9,820040
2006-08-22,486.6,487.2,484.1,484.2,1323140
2006-08-23,484.9,486.0,482.3,485.8,1040830
2006-08-24,486.8,487.7,485.0,487.2,1335960
2006-08-25,487.3,488.0,485.0,486.4,797180
2006-08-28,485.1,493.5,485.1,491.2,1287460
2006-08-29,492.0,493.5,487.7,492.6,1499430
2006-08-30,492.6,497.0,492.4,495.2,1364190
2006-08-31,495.2,497.1,492.6,493.5,1011950
2006-09-01,497.0,497.1,492.1,493.7,744150
2006-09-05,493.1,496.8,491.2,494.2,775640
2006-09-06,492.1,492.7,489.1,491.3,1041370
2006-09-07,496.5,496.5,484.2,485.5,1420570
2006-09-08,485.1,487.9,484.8,487.2,920000
2006-09-11,486.9,491.6,486.1,489.2,1044710
2006-09-12,490.0,492.0,487.6,489.9,1098170
2006-09-13,490.0,495.0,488.7,493.0,1406770
2006-09-14,493.1,494.2,490.5,492.9,1332430
2006-09-15,494.8,495.8,491.8,491.9,1784870
2006-09-18,492.5,497.2,491.1,495.9,1246150
2006-09-19,495.9,497.1,493.0,497.0,918460
2006-09-20,498.3,501.5,496.3,499.0,1631750
2006-09-21,498.9,501.1,495.0,497.5,1401900
2006-09-22,496.5,496.5,492.7,495.0,1114190
2006-09-25,497.5,501.7,495.1,500.8,1625860
2006-09-26,500.8,503.4,498.5,502.3,1616360
2006-09-27,500.5,503.5,498.4,499.7,1589060
2006-09-28,499.9,501.7,497.5,499.3,1202660
2006-09-29,500.0,500.7,495.8,496.7,1690880
2006-10-02,496.8,498.5,492.8,494.9,1167890
2006-10-03,495.9,503.9,495.5,500.9,1508440
2006-10-04,500.5,510.6,500.0,510.3,2093610
2006-10-05,511.2,511.8,506.6,509.9,1487030
2006-10-06,509.9,510.7,506.0,510.5,1502330
2006-10-09,510.0,511.7,508.5,510.8,992900
2006-10-10,512.0,513.3,508.1,508.2,2359680
2006-10-11,503.5,505.5,501.3,503.8,1980610
2006-10-12,505.0,505.9,499.5,501.8,1922440
2006-10-13,503.9,504.0,497.2,503.8,1969870
2006-10-16,503.0,503.3,498.7,501.5,1305740
2006-10-17,499.6,502.8,496.3,500.5,1303900
2006-10-18,501.9,507.1,497.0,501.9,1865640
2006-10-19,497.5,499.3,495.1,498.7,1814650
2006-10-20,498.7,499.9,495.0,499.1,2669420
2006-10-23,498.0,507.4,497.9,506.2,2093940
2006-10-24,505.0,506.5,502.4,504.7,1548740
2006-10-25,504.0,509.3,504.0,508.7,1416920
2006-10-26,508.7,509.5,505.7,508.3,1927840
2006-10-27,506.5,507.5,503.0,503.6,1686820
2006-10-30,502.5,504.4,500.5,501.2,1284830
2006-10-31,501.2,504.6,501.1,501.6,1813900
2006-11-01,505.5,507.1,499.2,500.9,2080880
2006-11-02,498.0,498.8,494.7,497.4,1761520
2006-11-03,497.5,499.9,494.8,495.9,1058210
2006-11-06,496.0,502.9,494.4,502.2,1529100
2006-11-07,502.5,507.5,501.9,504.8,1362760
2006-11-08,504.0,507.2,502.7,505.7,1075080
2006-11-09,505.7,506.2,503.1,506.1,1024100
2006-11-10,507.5,509.0,504.0,506.3,1165090
2006-11-13,505.0,509.5,505.0,506.9,809470
2006-11-14,508.5,508.5,500.4,507.5,1807320
2006-11-15,505.5,507.0,502.0,504.7,1514390
2006-11-16,505.0,507.5,504.2,506.6,1295170
2006-11-17,506.4,508.8,504.8,508.0,3011120
2006-11-20,507.5,508.9,504.5,507.3,1342730
2006-11-21,508.4,508.5,504.52,506.1,1011060
2006-11-22,507.0,509.5,505.8,507.7,1168680
2006-11-24,505.0,506.7,503.1,503.1,1013760
2006-11-27,503.0,505.4,496.7,498.9,2175150
2006-11-28,496.5,498.5,494.3,495.6,1455850
2006-11-29,497.5,499.7,494.8,498.6,1326290
2006-11-30,497.3,498.9,494.5,495.9,1706150
2006-12-01,495.9,496.3,488.3,493.8,1774160
2006-12-04,496.5,501.8,493.7,500.0,2078030
2006-12-05,498.9,505.7,497.6,505.1,1577940
2006-12-06,505.0,508.1,503.8,507.8,1231780
2006-12-07,506.7,507.7,504.2,507.1,1984590
2006-12-08,504.8,527.0,503.5,518.5,5446320
2006-12-11,518.5,528.8,518.5,528.8,2685210
2006-12-12,521.9,523.7,517.5,522.5,2609990
2006-12-13,526.3,526.5,521.2,523.2,1408410
2006-12-14,524.0,532.0,523.0,531.1,2096180
2006-12-15,533.5,540.8,532.0,540.7,3214590
2006-12-18,543.8,556.1,542.5,554.4,4549940
2006-12-19,551.3,552.3,545.4,552.3,2640640
2006-12-20,551.2,552.9,547.8,551.6,2034190
2006-12-21,551.7,554.4,546.5,547.6,1626330
2006-12-22,549.5,551.0,544.6,545.5,964770
2006-12-26,546.8,551.9,545.2,551.2,880650
2006-12-27,551.2,566.7,551.2,564.1,2235160
2006-12-28,566.0,570.0,555.5,558.8,1530700
2006-12-29,558.5,560.9,555.5,557.0,1103860
2007-01-03,556.6,562.8,547.2,552.5,2282110
2007-01-04,552.5,561.5,547.2,550.6,1658680
2007-01-05,550.0,550.5,544.6,547.7,1317880
2007-01-08,546.0,551.5,543.0,550.5,1249520
2007-01-09,550.1,551.5,541.9,545.7,1965810
2007-01-10,542.7,544.9,539.5,541.3,1744910
2007-01-11,542.7,543.9,538.0,541.7,1451050
2007-01-12,540.2,545.5,540.0,543.8,1842960
2007-01-16,546.3,548.1,543.4,547.7,1255280
2007-01-17,550.0,550.8,542.8,543.9,1406520
2007-01-18,545.0,547.1,540.7,543.9,1761540
2007-01-19,540.0,545.1,535.0,545.0,2395580
2007-01-22,551.7,555.3,546.6,546.8,2808290
2007-01-23,546.5,548.0,543.0,544.9,1626570
2007-01-24,545.0,548.4,542.7,548.3,1586360
2007-01-25,547.0,548.8,538.4,539.3,1902680
2007-01-26,539.3,546.7,535.2,546.7,2110090
2007-01-29,544.5,546.0,539.5,540.6,2220680
2007-01-30,539.0,543.2,538.0,542.7,1692140
2007-01-31,540.3,552.9,540.2,551.3,1815922
2007-02-01,551.3,551.6,543.0,547.3,1875525
2007-02-02,547.3,549.4,543.2,546.6,1258560
2007-02-05,545.5,551.9,544.1,547.5,1662830
2007-02-06,547.5,555.0,547.2,549.5,1553640
2007-02-07,549.4,551.9,548.26,549.5,1199760
2007-02-08,547.2,547.8,541.5,544.4,1399500
2007-02-09,544.0,544.9,532.9,534.0,1922970
2007-02-12,534.9,539.1,532.0,534.3,1530944
2007-02-13,535.3,538.5,535.0,537.1,1305253
2007-02-14,538.6,544.4,537.4,541.8,1416354
2007-02-15,541.8,545.2,540.4,542.1,1370950
2007-02-16,540.8,541.5,537.8,541.0,1725610
2007-02-20,541.7,546.5,540.9,541.9,1610570
2007-02-21,541.9,541.5,535.9,537.5,1491600
2007-02-22,537.5,540.9,534.2,535.9,1909300
2007-02-23,535.9,540.3,531.5,537.7,1774060
2007-02-26,535.9,541.9,521.8,526.8,3559858
2007-02-27,526.8,527.7,500.5,506.0,3206520
2007-02-28,506.0,510.2,495.6,503.7,4674390
2007-03-01,497.5,514.5,496.0,510.8,3672555
2007-03-02,509.2,512.1,498.5,499.7,2618000
2007-03-05,496.0,505.5,491.8,492.5,2497250
2007-03-06,492.5,508.4,495.5,505.8,2687210
2007-03-07,505.8,511.0,501.7,502.2,2080950
2007-03-08,506.2,512.4,503.1,505.0,1783110
2007-03-09,509.1,509.5,500.0,503.3,1570130
2007-03-12,501.3,506.5,501.0,503.6,1098860
2007-03-13,500.1,500.9,487.5,487.5,2928670
2007-03-14,488.0,493.2,480.5,490.8,3044125
2007-03-15,491.0,501.7,490.6,501.3,2929490
2007-03-16,500.1,503.8,491.9,495.3,3081582
2007-03-19,498.1,501.0,497.0,500.6,1681462
2007-03-20,500.6,509.4,499.2,506.4,1644508
2007-03-21,504.9,525.0,504.4,520.3,2927189
2007-03-22,519.0,522.0,516.9,518.4,2173338
2007-03-23,518.0,520.6,514.3,517.2,1514339
2007-03-26,520.0,520.1,510.6,515.4,2086978
2007-03-27,512.1,516.5,510.0,510.6,1711310
2007-03-28,511.8,516.5,508.1,509.6,2323630
2007-03-29,513.0,515.9,510.3,514.0,1781624
2007-03-30,515.0,519.4,509.2,513.4,1991308
2007-04-02,513.1,515.0,504.1,510.5,1881325
2007-04-03,511.7,516.6,511.6,514.1,2145281
2007-04-04,514.1,515.2,511.4,513.6,1533175
2007-04-05,512.1,517.6,510.5,515.7,1033954
2007-04-09,518.0,518.2,513.6,515.8,1153326
2007-04-10,516.0,525.1,513.5,524.0,2153584
2007-04-11,524.1,524.8,513.4,518.0,2517002
2007-04-12,518.0,518.1,513.2,516.5,2271033
2007-04-13,518.0,518.0,513.5,516.0,1690144
2007-04-16,522.6,535.9,522.5,529.3,3277312
2007-04-17,530.0,530.5,523.6,525.3,2253812
2007-04-18,525.3,533.0,526.5,529.9,2618858
2007-04-19,527.1,534.7,526.5,530.9,2250361
2007-04-20,537.4,537.5,529.1,534.2,2659283
2007-04-23,533.3,536.4,529.0,531.1,1514828
2007-04-24,532.5,533.0,523.7,528.1,1896737
2007-04-25,529.9,539.4,527.8,538.0,2675362
2007-04-26,537.9,538.5,532.7,535.6,2474225
2007-04-27,534.5,535.5,531.5,533.7,1315890
2007-04-30,536.4,547.1,534.8,536.2,3049842
2007-05-01,538.0,543.2,537.4,542.0,2099633
2007-05-02,542.0,544.5,540.7,543.0,1941409
2007-05-03,537.6,541.0,535.5,539.5,1626691
2007-05-04,541.0,545.61,539.5,540.9,1770435
2007-05-07,539.7,544.0,537.2,538.8,1602971
2007-05-08,537.5,540.0,534.8,537.2,1539474
2007-05-09,536.3,541.5,534.3,541.2,2077139
2007-05-10,537.7,540.5,531.8,532.0,2108242
2007-05-11,532.1,537.6,529.0,531.1,7673289
2007-05-14,531.8,533.0,525.8,528.6,2398503
2007-05-15,530.3,532.4,527.4,527.9,2614863
2007-05-16,538.3,550.4,535.0,549.1,6453732
2007-05-17,548.9,551.9,539.5,548.0,2236916
2007-05-18,550.0,555.5,547.4,550.0,2102519
2007-05-21,551.8,552.0,547.4,548.4,2331728
2007-05-22,548.8,553.3,545.2,550.8,2178146
2007-05-23,551.2,555.3,548.5,550.1,1952183
2007-05-24,552.4,555.2,547.4,549.3,2243121
2007-05-25,549.3,551.6,544.8,551.2,1353860
2007-05-29,554.2,554.2,546.2,549.1,1600091
2007-05-30,547.7,552.4,545.5,552.0,1420060
2007-05-31,551.1,552.0,543.1,544.9,1956605
2007-06-01,544.9,547.5,542.8,545.1,1736424
2007-06-04,544.4,544.4,539.5,541.5,1583629
2007-06-05,541.0,541.4,536.7,539.0,1443719
2007-06-06,536.1,539.0,531.0,533.3,1940681
2007-06-07,532.5,537.5,524.7,525.2,2253734
2007-06-08,525.2,533.7,523.0,533.3,2284872
2007-06-11,532.0,537.7,528.1,534.7,1458159
2007-06-12,533.0,537.4,526.0,526.0,2056390
2007-06-13,528.1,537.3,527.5,536.8,2318500
2007-06-14,536.1,542.2,535.7,536.7,1718389
2007-06-15,540.2,543.2,537.2,539.8,2697069
2007-06-18,543.3,544.9,539.5,539.6,1205567
2007-06-19,539.6,543.9,539.5,542.6,1825719
2007-06-20,542.6,544.3,534.1,534.4,1947915
2007-06-21,534.3,536.7,527.1,536.6,1750327
2007-06-22,533.6,536.0,523.0,524.1,3364341
2007-06-25,526.6,529.0,515.4,516.9,2561147
2007-06-26,519.3,522.1,511.2,511.5,2896412
2007-06-27,509.6,519.0,504.8,518.1,3066546
2007-06-28,520.2,523.7,512.3,518.1,2368276
2007-06-29,521.0,522.5,507.6,512.9,2657934
2007-07-02,513.0,517.5,510.1,516.4,1806134
2007-07-03,519.2,522.3,515.8,518.6,1005203
2007-07-05,518.6,520.0,513.7,515.0,1353940
2007-07-06,517.7,518.0,514.1,517.0,1259678
2007-07-09,515.3,518.6,515.0,516.0,1789648
2007-07-10,512.7,513.6,507.7,510.0,3372869
2007-07-11,509.7,515.2,508.0,514.1,2518893
2007-07-12,515.5,529.1,514.1,528.4,3078919
2007-07-13,525.5,528.8,522.8,525.2,2035436
2007-07-16,526.7,529.7,520.8,521.9,1909220
2007-07-17,523.0,529.3,521.3,524.6,2332417
2007-07-18,519.3,524.0,506.9,516.0,3645337
2007-07-19,516.0,521.3,508.3,511.3,2898494
2007-07-20,514.4,521.8,501.5,507.3,4763012
2007-07-23,509.1,513.1,507.4,508.6,2389913
2007-07-24,503.4,504.8,489.6,493.1,4597681
2007-07-25,496.9,500.5,484.8,492.12,4448155
2007-07-26,484.9,486.8,465.0,478.1,7751767
2007-07-27,477.1,481.9,467.1,469.7,5591731
2007-07-30,469.7,476.5,467.0,471.9,4024984
2007-07-31,475.7,482.6,465.0,465.7,4679730
2007-08-01,464.0,471.4,456.3,468.5,6073771
2007-08-02,467.5,472.8,464.9,472.4,4131286
2007-08-03,471.6,475.9,456.9,457.2,4812612
2007-08-06,459.0,485.0,450.2,483.5,6282528
2007-08-07,479.3,494.0,474.2,485.9,5700146
2007-08-08,487.6,498.8,481.7,494.9,5397216
2007-08-09,478.1,487.1,469.0,469.0,6661370
2007-08-10,457.9,475.0,457.5,470.0,5158772
2007-08-13,477.4,479.1,464.4,465.4,3450110
2007-08-14,466.5,468.3,455.2,456.6,3882781
2007-08-15,455.8,465.0,452.0,456.1,4611521
2007-08-16,450.7,483.3,446.6,475.5,10234951
2007-08-17,499.0,499.0,473.9,488.1,8497259
2007-08-20,490.0,491.8,477.0,483.9,3861981
2007-08-21,481.5,488.3,478.0,480.6,3366338
2007-08-22,485.0,487.7,475.0,484.3,4091017
2007-08-23,488.0,490.0,479.5,483.5,2579860
2007-08-24,483.6,486.2,478.6,485.0,2356260
2007-08-27,483.3,483.8,477.0,477.9,2031556
2007-08-28,472.5,472.6,461.0,461.4,3900151
2007-08-29,464.0,470.0,458.5,469.5,2945398
2007-08-30,466.5,467.4,460.0,462.3,3006840
2007-08-31,470.8,471.7,464.1,468.8,2721265
2007-09-04,469.6,475.65,465.0,472.1,2629307
2007-09-05,466.8,466.8,458.7,460.0,3525102
2007-09-06,461.6,463.9,455.3,456.6,2704425
2007-09-07,452.2,460.5,450.7,454.8,4057120
2007-09-10,457.0,458.3,448.3,453.0,3174790
2007-09-11,455.4,463.4,454.5,460.1,3169350
2007-09-12,458.9,462.0,455.0,457.6,2887550
2007-09-13,459.9,465.7,459.1,463.6,2883558
2007-09-14,459.5,466.9,459.2,466.4,2865225
2007-09-17,465.0,465.2,456.5,460.3,2346090
2007-09-18,464.8,485.2,460.5,483.7,4933059
2007-09-19,486.7,490.0,477.3,482.7,4179569
2007-09-20,483.6,484.7,470.2,472.0,3358434
2007-09-21,475.8,477.0,469.3,475.1,3811500
2007-09-24,475.0,475.5,464.1,465.9,3798881
2007-09-25,463.3,465.6,459.6,463.1,3223281
2007-09-26,463.6,470.2,460.1,465.5,3472498
2007-09-27,468.4,468.9,464.2,468.8,2713721
2007-09-28,468.6,471.8,465.0,466.7,2098312
2007-10-01,458.9,482.3,458.6,477.2,5676675
2007-10-02,478.3,480.0,472.8,478.6,3302511
2007-10-03,477.5,482.5,476.5,478.9,3409005
2007-10-04,480.4,484.5,474.0,476.3,3565868
2007-10-05,478.5,487.7,478.1,483.0,3702985
2007-10-08,482.7,482.8,475.8,478.0,1854826
2007-10-09,479.5,479.5,468.0,476.2,4073028
2007-10-10,473.0,473.8,467.7,471.4,2914515
2007-10-11,473.1,489.5,471.3,483.2,6486000
2007-10-12,478.4,488.3,473.4,478.7,4382990
2007-10-15,470.7,484.5,456.9,462.4,7719528
2007-10-16,459.0,462.4,446.8,447.9,6429670
2007-10-17,451.3,453.0,438.5,446.6,11455414
2007-10-18,440.9,444.2,437.5,438.3,5731230
2007-10-19,437.0,440.5,422.9,423.6,6995607
2007-10-22,421.0,432.4,420.7,426.1,5893160
2007-10-23,429.0,429.5,421.3,424.4,4364800
2007-10-24,422.1,428.1,411.5,418.2,7103997
2007-10-25,417.5,422.7,404.4,412.3,6090627
2007-10-26,422.8,427.8,415.1,426.3,5476612
2007-10-29,428.4,431.1,425.0,426.9,3418867
2007-10-30,425.0,428.2,418.1,421.1,3893955
2007-10-31,422.5,424.7,414.0,419.0,7346306
2007-11-01,386.2,409.0,381.3,385.1,17147467
2007-11-02,387.3,389.0,365.2,377.3,13870842
2007-11-05,360.0,369.9,350.0,359.0,23018947
2007-11-06,360.4,363.4,345.2,350.8,15170601
2007-11-07,346.0,353.6,333.8,334.1,12075246
2007-11-08,338.0,340.0,310.5,329.0,19427106
2007-11-09,321.0,344.7,316.0,331.0,15395395
2007-11-12,335.9,350.6,333.0,335.7,11060621
2007-11-13,345.7,360.0,342.1,359.0,10571106
2007-11-14,374.1,375.0,359.4,360.4,11644721
2007-11-15,357.5,358.0,342.1,345.8,8268656
2007-11-16,348.0,348.8,334.5,340.0,7969573
2007-11-19,328.5,331.7,319.0,320.0,9815044
2007-11-20,319.0,327.5,308.0,314.0,12758122
2007-11-21,309.3,315.5,305.0,307.3,9206934
2007-11-23,313.0,317.0,310.1,317.0,3848054
2007-11-26,316.0,317.7,297.5,307.0,11085747
2007-11-27,308.1,309.5,295.0,303.2,19315561
2007-11-28,310.2,328.7,310.2,322.9,13887433
2007-11-29,323.0,324.6,318.0,322.9,7092070
2007-11-30,340.5,343.0,330.0,333.0,9452688
2007-12-03,333.0,333.5,327.1,330.6,5565540
2007-12-04,325.6,330.7,320.0,325.5,6471361
2007-12-05,328.2,337.5,327.2,336.9,6632745
2007-12-06,335.5,344.2,335.5,343.5,5487654
2007-12-07,344.8,346.2,335.5,343.1,5343082
2007-12-10,344.4,352.3,343.5,347.7,5731204
2007-12-11,348.9,352.9,331.3,332.3,8569740
2007-12-12,339.3,341.0,306.0,314.7,17796660
2007-12-13,311.0,313.2,302.7,310.1,9558791
2007-12-14,306.4,320.5,302.7,307.0,10543364
2007-12-17,301.8,313.2,301.1,307.7,8684023
2007-12-18,312.2,313.8,299.2,303.8,8157846
2007-12-19,305.2,311.1,300.6,302.1,7530323
2007-12-20,304.5,304.5,293.4,298.9,9250503
2007-12-21,303.1,305.2,299.9,302.4,8566645
2007-12-24,303.1,311.4,303.0,309.8,3172463
2007-12-26,308.0,309.5,302.6,304.5,4065340
2007-12-27,297.2,300.59,294.8,295.6,6152786
2007-12-28,297.8,298.4,290.3,292.9,5748344
2007-12-31,291.4,296.9,288.0,294.4,6542714
2008-01-02,297.3,298.9,288.5,289.2,6214640
2008-01-03,292.2,293.9,288.9,289.3,5965787
2008-01-04,286.1,290.3,280.4,282.4,7545427
2008-01-07,283.4,287.6,279.3,282.6,6892214
2008-01-08,284.6,287.0,270.1,271.4,9998936
2008-01-09,271.5,276.0,265.0,274.9,10782762
2008-01-10,269.8,285.7,269.2,281.1,10559533
2008-01-11,278.9,292.7,276.0,285.6,8894627
2008-01-14,289.5,291.8,283.8,290.6,9431522
2008-01-15,282.6,283.6,267.1,269.4,22087515
2008-01-16,270.0,272.3,259.0,262.4,19918218
2008-01-17,265.2,275.7,246.0,249.6,23230520
2008-01-18,245.3,251.5,239.2,244.5,19718763
2008-01-22,223.6,253.8,223.6,244.0,21079661
2008-01-23,239.8,269.0,236.8,263.6,18963482
2008-01-24,268.0,274.8,265.0,273.3,13578560
2008-01-25,280.0,281.0,260.8,266.4,11031661
2008-01-28,264.3,276.72,261.5,276.5,8367253
2008-01-29,279.0,283.7,275.0,279.1,8165421
2008-01-30,276.9,291.3,272.9,278.8,13495694
2008-01-31,270.0,287.0,264.5,281.7,13862051
2008-02-01,282.8,297.3,282.7,296.9,12037667
2008-02-04,293.4,295.4,289.1,292.2,8476500
2008-02-05,286.5,287.0,270.1,270.5,10920247
2008-02-06,273.1,277.1,267.4,269.2,7369574
2008-02-07,267.5,272.4,263.1,267.0,10721902
2008-02-08,266.1,266.4,257.1,260.3,8186552
2008-02-11,262.3,262.4,253.8,258.1,7130464
2008-02-12,261.5,268.0,259.2,262.1,8507487
2008-02-13,265.8,267.9,256.5,263.4,10378802
2008-02-14,261.9,263.7,257.0,257.4,6563004
2008-02-15,254.9,259.6,250.0,254.8,8737637
2008-02-19,258.3,259.4,251.6,253.2,6995934
2008-02-20,251.1,259.0,244.8,254.9,7415686
2008-02-21,256.3,258.6,250.0,250.5,7836588
2008-02-22,250.9,251.7,242.6,251.2,8675355
2008-02-25,246.5,249.9,241.5,247.4,12003191
2008-02-26,244.6,254.7,244.0,249.5,10764762
2008-02-27,247.0,260.0,246.7,257.2,8775784
2008-02-28,254.6,256.0,249.2,250.1,6222518
2008-02-29,246.6,247.3,234.9,237.1,10000487
2008-03-03,237.2,237.2,228.0,230.9,10215083
2008-03-04,222.3,225.0,212.3,221.0,18768112
2008-03-05,223.2,231.3,218.8,221.5,11233454
2008-03-06,219.5,219.5,210.8,211.7,8697279
2008-03-07,207.5,216.9,204.0,209.1,10073738
2008-03-10,209.7,211.1,196.9,196.9,11683720
2008-03-11,209.0,215.6,202.99,214.9,13822282
2008-03-12,216.3,226.8,211.1,212.1,12007278
2008-03-13,206.9,213.0,200.4,210.7,13794173
2008-03-14,214.7,215.8,195.4,197.8,16764215
2008-03-17,182.5,193.3,179.9,186.2,18158221
2008-03-18,198.4,207.5,192.2,207.1,15244380
2008-03-19,210.0,216.5,202.1,204.1,13711613
2008-03-20,207.2,226.4,204.1,225.0,18090675
2008-03-24,229.6,243.6,228.4,232.7,12884655
2008-03-25,230.9,238.5,230.9,234.2,9193735
2008-03-26,226.4,228.0,218.7,220.5,12323175
2008-03-27,221.3,224.2,215.1,217.9,10665292
2008-03-28,218.6,219.7,207.0,208.3,8505501
2008-03-31,208.0,215.9,204.2,214.2,8964139
2008-04-01,226.1,238.8,225.8,238.4,13532258
2008-04-02,240.5,250.5,238.0,240.2,15337310
2008-04-03,237.0,247.4,235.6,243.6,7650626
2008-04-04,244.4,245.0,235.2,240.8,7337526
2008-04-07,248.5,251.9,243.9,246.0,8928018
2008-04-08,243.1,243.6,235.1,237.6,7908278
2008-04-09,241.1,243.0,235.4,235.8,8467518
2008-04-10,235.1,240.7,231.0,237.1,7903735
2008-04-11,232.9,243.2,232.5,233.6,6947552
2008-04-14,231.3,231.5,221.8,225.1,7969723
2008-04-15,227.8,230.1,224.7,228.0,5512733
2008-04-16,234.0,236.5,229.0,234.4,7262322
2008-04-17,230.5,243.6,229.6,240.3,8062246
2008-04-18,257.3,260.0,250.3,251.1,14507757
2008-04-21,248.2,251.0,242.3,250.3,6733501
2008-04-22,250.4,253.2,246.3,251.2,6071040
2008-04-23,250.7,253.5,244.8,246.3,6873334
2008-04-24,247.0,261.7,246.9,257.6,8550532
2008-04-25,262.0,266.5,258.1,266.0,9738844
2008-04-28,267.0,273.5,260.1,268.1,7506480
2008-04-29,268.0,271.8,262.6,263.2,5772884
2008-04-30,255.1,258.8,252.5,252.7,14899758
2008-05-01,252.3,262.0,251.5,259.9,8451469
2008-05-02,268.2,270.0,262.4,263.9,7742083
2008-05-05,264.0,264.4,257.1,257.5,6301343
2008-05-06,255.0,261.5,250.5,258.7,7915914
2008-05-07,260.3,260.9,242.6,244.8,8845619
2008-05-08,247.7,248.0,240.0,243.0,7901524
2008-05-09,244.1,246.5,235.4,236.3,8606630
2008-05-12,237.2,240.9,233.6,236.4,6883204
2008-05-13,237.0,238.8,229.2,230.3,6703862
2008-05-14,232.1,233.5,229.3,232.5,6436037
2008-05-15,232.9,237.4,230.0,237.3,7078390
2008-05-16,238.1,238.1,230.8,231.2,6731609
2008-05-19,232.2,235.3,228.7,229.9,5899328
2008-05-20,228.0,228.5,220.1,221.1,8973966
2008-05-21,221.3,222.8,210.1,210.6,11344945
2008-05-22,212.5,218.9,211.3,217.2,9170044
2008-05-23,217.5,217.9,210.75,211.2,6557932
2008-05-27,212.4,217.8,212.0,216.6,6872732
2008-05-28,220.4,220.9,211.2,216.0,7037317
2008-05-29,215.3,222.5,215.2,220.4,7268610
2008-05-30,222.7,224.2,218.6,218.9,5354938
2008-06-02,217.0,218.6,210.0,214.6,6273220
2008-06-03,216.4,217.6,210.3,214.2,7204279
2008-06-04,213.5,218.4,208.4,210.8,9115834
2008-06-05,212.9,216.6,209.0,212.2,8783681
2008-06-06,210.4,210.4,200.0,200.6,11425068
2008-06-09,201.5,203.0,194.0,196.0,11079865
2008-06-10,195.0,205.4,194.9,202.6,9880055
2008-06-11,203.9,204.6,190.8,192.1,10889259
2008-06-12,194.8,202.3,194.5,198.9,9807653
2008-06-13,202.0,205.0,199.0,204.8,6811983
2008-06-16,204.1,214.9,203.8,208.3,7399807
2008-06-17,212.0,213.4,203.6,204.6,7084742
2008-06-18,201.3,207.3,198.2,204.0,8571112
2008-06-19,205.0,207.1,194.1,201.7,15180170
2008-06-20,197.4,199.1,190.0,193.0,15160370
2008-06-23,194.0,194.9,184.4,185.5,8836281
2008-06-24,185.5,192.6,183.3,188.5,9313575
2008-06-25,191.3,197.4,187.5,188.5,12029859
2008-06-26,180.6,181.7,175.3,176.7,17332096
2008-06-27,178.1,179.0,169.1,172.5,12647996
2008-06-30,171.9,177.3,165.8,167.6,12466781
2008-07-01,165.7,174.0,162.5,171.3,13829662
2008-07-02,172.7,175.8,167.9,168.4,8927079
2008-07-03,169.6,171.2,165.7,168.2,5803659
2008-07-07,170.5,173.3,158.0,164.0,11539136
2008-07-08,165.2,174.1,161.1,173.9,10541959
2008-07-09,174.6,177.4,163.8,164.4,10103182
2008-07-10,161.0,168.3,160.5,162.8,10426350
2008-07-11,158.6,168.94,157.5,161.9,13624378
2008-07-14,167.6,169.8,151.5,152.2,11873875
2008-07-15,149.9,158.0,140.1,145.6,18911881
2008-07-16,151.3,165.4,145.8,164.7,15887208
2008-07-17,171.5,184.7,170.5,179.7,19573736
2008-07-18,198.0,204.8,189.2,193.5,21382430
2008-07-21,199.4,204.0,195.0,196.9,11700686
2008-07-22,190.4,209.9,188.0,208.9,13879591
2008-07-23,206.3,222.1,205.0,211.2,15657582
2008-07-24,211.2,213.5,190.6,190.6,11753777
2008-07-25,192.1,197.3,185.4,188.5,10218457
2008-07-28,188.2,190.7,172.3,174.3,12168992
2008-07-29,169.5,186.1,165.2,184.5,14725506
2008-07-30,189.0,196.2,180.35,188.1,10627935
2008-07-31,184.0,192.3,179.4,186.9,8497151
2008-08-01,189.5,190.7,181.0,188.7,8413524
2008-08-04,185.3,193.2,179.9,188.3,8680273
2008-08-05,193.7,200.2,191.0,199.2,9249301
2008-08-06,196.4,202.3,192.5,197.0,6739563
2008-08-07,192.9,196.8,183.3,184.7,10085138
2008-08-08,184.1,196.7,183.9,193.9,8210263
2008-08-11,192.4,205.0,192.1,198.2,7413888
2008-08-12,196.9,197.1,183.5,185.4,8300834
2008-08-13,184.2,184.2,174.3,178.1,9339288
2008-08-14,177.3,184.5,177.1,180.8,6408719
2008-08-15,183.6,187.5,181.9,185.5,6484245
2008-08-18,186.5,186.5,176.1,176.2,7440355
2008-08-19,175.7,176.7,170.2,171.9,7837216
2008-08-20,172.0,175.2,168.5,174.9,8571758
2008-08-21,171.0,175.5,168.9,174.7,6095478
2008-08-22,180.2,182.4,176.9,181.4,6242447
2008-08-25,180.0,183.0,175.7,176.1,6157225
2008-08-26,177.3,180.4,175.3,178.4,5032226
2008-08-27,180.1,182.4,177.1,181.2,5632720
2008-08-28,184.7,190.9,182.6,190.8,8076005
2008-08-29,188.5,191.5,186.3,189.9,5246252
2008-09-02,196.3,198.2,188.8,191.1,7979944
2008-09-03,191.2,196.6,187.7,196.1,6363625
2008-09-04,193.0,194.7,182.1,183.0,8061798
2008-09-05,180.5,191.8,179.3,190.7,8401617
2008-09-08,208.4,209.5,195.0,203.2,17044169
2008-09-09,200.2,203.8,188.1,188.8,11634874
2008-09-10,191.6,192.4,181.8,186.8,9026055
2008-09-11,178.4,186.8,176.3,186.1,13396686
2008-09-12,181.9,188.85,177.2,179.6,10991610
2008-09-15,163.9,176.8,147.0,152.4,27020718
2008-09-16,142.6,160.1,141.0,157.5,25704781
2008-09-17,150.0,152.3,130.3,140.3,31223418
2008-09-18,146.3,174.0,128.5,166.5,34223912
2008-09-19,217.0,225.3,190.0,206.5,26545751
2008-09-22,199.6,205.6,195.0,200.1,11772137
2008-09-23,197.9,200.0,181.2,199.9,8523617
2008-09-24,200.0,200.0,188.0,189.6,8745825
2008-09-25,193.0,201.7,190.4,194.1,9354672
2008-09-26,183.5,204.2,181.5,201.5,11248600
2008-09-29,195.7,219.0,177.5,177.5,20118518
2008-09-30,190.9,211.7,189.4,205.1,11324452
2008-10-01,208.5,232.4,200.5,230.0,15712318
2008-10-02,231.6,235.0,220.0,225.0,10878318
2008-10-03,194.5,209.0,177.0,183.5,29584160
2008-10-06,172.3,181.2,161.0,174.1,15925104
2008-10-07,182.0,182.0,150.0,151.5,12784789
2008-10-08,145.9,162.9,140.5,144.0,15612740
2008-10-09,153.7,155.0,129.3,129.3,18944836
2008-10-10,120.4,148.0,120.0,141.1,26098322
2008-10-13,157.0,162.6,145.2,157.5,16413677
2008-10-14,184.8,192.5,173.6,186.2,25364931
2008-10-15,174.9,179.3,160.0,162.3,15327835
2008-10-16,160.1,168.8,146.5,159.0,17092751
2008-10-17,154.2,168.3,148.1,148.8,15741282
2008-10-20,151.8,154.0,146.9,150.9,10724806
2008-10-21,145.4,148.0,136.4,141.8,17137836
2008-10-22,137.0,142.0,130.1,133.2,13714879
2008-10-23,132.0,136.0,125.0,131.1,14476940
2008-10-24,120.0,128.0,119.5,121.4,12844550
2008-10-27,121.0,127.6,116.5,117.3,12212764
2008-10-28,122.9,135.5,115.4,134.7,15088926
2008-10-29,132.5,139.6,127.9,129.1,13056502
2008-10-30,134.7,135.0,127.6,131.1,10086957
2008-10-31,129.3,138.2,128.8,136.5,9199422
2008-11-03,136.5,142.3,134.6,139.9,7106580
2008-11-04,144.2,148.1,143.1,146.8,8023301
2008-11-05,144.2,146.0,124.8,126.3,10744842
2008-11-06,124.8,130.7,113.1,115.2,15297767
2008-11-07,119.0,120.4,114.5,118.2,9974862
2008-11-10,122.0,122.8,110.5,112.1,9059744
2008-11-11,111.1,112.9,103.4,108.0,14040009
2008-11-12,106.3,110.6,95.2,96.4,16091592
2008-11-13,97.9,99.0,82.7,94.5,27727969
2008-11-14,97.6,101.1,87.9,95.2,28157000
2008-11-17,93.6,98.1,87.5,88.9,16765271
2008-11-18,89.6,89.9,78.9,83.6,21277630
2008-11-19,81.9,83.3,62.5,64.0,34179841
2008-11-20,61.3,63.5,43.9,47.1,72437291
2008-11-21,54.4,55.3,30.5,37.7,102869289
2008-11-24,61.2,65.0,52.5,59.5,80478969
2008-11-25,63.9,65.8,57.5,60.8,46427700
2008-11-26,61.7,73.9,60.8,70.5,38211205
2008-11-28,74.5,84.8,74.2,82.9,25141052
2008-12-01,79.0,79.2,63.4,64.5,31529488
2008-12-02,69.2,74.6,59.36,72.2,32710478
2008-12-03,68.7,78.4,66.8,78.2,31429613
2008-12-04,76.1,81.0,73.0,74.0,25978920
2008-12-05,72.5,83.6,71.7,77.1,21529341
2008-12-08,82.3,86.3,80.2,84.7,22930658
2008-12-09,83.0,90.0,82.0,85.4,21714290
2008-12-10,87.3,88.3,80.5,83.0,16348913
2008-12-11,80.9,81.5,75.4,75.7,16577299
2008-12-12,70.7,78.5,69.7,77.0,14909486
2008-12-15,77.4,77.8,72.3,74.0,10157328
2008-12-16,75.9,83.3,74.2,82.3,20517123
2008-12-17,81.1,82.0,78.0,78.3,15615867
2008-12-18,80.0,80.5,73.7,74.3,11163535
2008-12-19,74.4,75.1,69.1,70.2,20265037
2008-12-22,71.5,72.49,65.4,67.5,13544924
2008-12-23,68.9,69.2,65.1,65.2,10693589
2008-12-24,65.5,68.0,65.3,67.8,4007266
2008-12-26,68.4,70.3,66.68,67.3,4813285
2008-12-29,68.3,68.5,65.1,65.7,6122546
2008-12-30,66.6,68.2,65.3,68.0,7344716
2008-12-31,67.2,70.4,66.2,67.1,9267596
